1.171055 1.009636
0.957912 0.811321
1.177875 0.964202
0.999836 0.859844
0.946303 0.954488
1.169322 1.146487
1.050485 0.883174
1.142287 1.159410
0.898833 1.052862
1.174852 1.194695
0.928481 0.844048
0.846440 0.922896
0.865264 0.852129
1.057053 1.121635
1.018715 0.814507
1.028737 0.989770
1.024143 1.186648
1.001091 1.002018
0.950851 0.800927
1.061862 1.097154
0.955415 1.031185
1.043642 0.805901
1.114359 0.985929
1.165311 0.813192
0.838791 1.140163
0.807888 0.967272
1.184211 0.854328
1.090168 0.849475
0.906457 0.947221
1.171110 1.125172
0.961727 0.999847
0.914942 1.185870
0.986495 1.116033
0.987889 1.137346
1.116959 0.849751
1.034500 0.872374
1.080936 0.878142
0.878275 0.995295
1.064071 0.843586
1.008488 1.102861
1.183749 1.016375
0.870133 1.167960
1.070703 1.160301
0.817435 1.177160
0.907522 1.188545
1.102333 1.069250
0.988392 0.817275
1.055120 1.174887
1.133307 0.843008
1.112233 1.050267
0.892760 0.946734
1.122641 1.173695
1.024876 0.800916
0.968991 0.888946
0.844502 1.177478
1.191808 0.828251
0.993853 0.861941
1.196211 0.864557
0.822242 0.813646
0.841717 0.929764
0.802190 1.144050
1.199014 0.990582
1.161324 1.054134
0.965469 1.094632
1.097142 0.877703
0.944898 1.189902
1.024437 0.867539
1.163597 0.849312
0.868455 0.932588
0.938258 0.912957
0.910066 0.930066
0.941208 1.103920
0.992007 0.937419
1.168476 1.014249
0.951065 0.810193
1.144013 0.953255
1.154243 1.143027
1.143838 1.115567
0.997161 0.909307
1.010199 0.894303
0.987010 1.155097
0.884205 0.811446
0.822637 0.847803
0.860759 0.891092
0.980391 0.999017
1.004049 1.090457
1.129083 1.145258
0.994377 0.921090
0.882677 0.962853
1.135339 1.033742
0.973046 1.079352
1.186997 0.927289
1.022379 1.130835
0.842856 0.819540
0.840142 1.053055
0.913844 1.027151
1.008152 0.998049
1.038598 1.030789
1.045851 1.099356
1.121881 0.826242
0.898373 0.925931
1.116699 0.827456
0.871188 0.911075
0.948546 0.953865
1.073928 0.883884
1.187607 0.846974
1.163236 1.174604
0.974263 0.985615
1.105439 1.017118
1.005156 1.145580
0.870173 1.118999
0.972732 1.078325
0.917048 0.811329
0.909114 1.162900
1.110686 0.830995
1.189142 0.809059
0.956926 1.105841
0.836515 1.028114
0.816916 0.985061
1.181979 1.090844
1.068945 1.169586
1.137818 1.032181
1.144190 0.912081
0.817797 1.049629
1.129199 1.022952
0.995209 1.199372
0.941951 1.167941
1.077698 1.059000
1.179270 1.186812
1.021899 1.089955
0.817807 1.011041
1.099014 0.974733
0.916881 1.135529
0.802847 0.933797
0.920590 1.184826
0.824642 1.189535
1.154413 1.162460
1.021716 1.098603
0.874540 1.039513
0.948231 0.803739
0.862465 1.143440
0.803111 1.004416
1.111381 1.080809
0.863416 1.090651
1.067621 1.085315
0.980606 1.085428
0.896356 0.879621
0.860161 1.013237
0.815150 0.863008
1.147035 0.935739
0.059793 0.464596
0.156592 0.002809
0.417670 0.433737
0.376062 0.010845
0.233128 0.061351
0.015519 0.311209
0.490652 0.019409
0.066729 0.379878
0.370420 0.145999
0.243192 0.204946
0.002643 0.468950
0.061731 0.123088
0.068475 0.136932
0.389635 0.087412
0.215692 0.323429
0.257086 0.275485
0.288024 0.413678
0.278294 0.205694
0.347416 0.154356
0.216540 0.080544
0.215708 0.232059
0.391753 0.206360
0.251468 0.458482
0.086238 0.121888
0.104481 0.329429
0.326833 0.107124
0.298379 0.388564
0.230212 0.366854
0.025496 0.119847
0.454266 0.241188
0.443275 0.211352
0.016674 0.231300
0.125031 0.294968
0.436994 0.472446
0.449324 0.153534
0.052990 0.165032
0.385593 0.444743
0.371392 0.137061
0.403225 0.457629
0.258948 0.007706
0.287059 0.085782
0.114830 0.085438
0.474346 0.345042
0.452292 0.499842
0.464889 0.406558
0.241030 0.408164
0.117910 0.257704
0.139464 0.242941
0.052671 0.076458
0.215387 0.001996
0.229991 0.268377
0.167028 0.115584
0.213120 0.038420
0.252644 0.116345
0.496049 0.011593
0.124050 0.283108
0.097374 0.238880
0.368545 0.071720
0.083922 0.320837
0.071561 0.048811
0.227395 0.312591
0.456975 0.345305
0.070295 0.096439
0.088245 0.122966
0.172896 0.303633
0.124962 0.402887
0.072010 0.291990
0.018471 0.285130
0.330410 0.271115
0.401475 0.326459
0.282708 0.025525
0.109567 0.380082
0.264405 0.478112
0.451802 0.348328
0.298949 0.023363
0.397138 0.026343
0.335955 0.354113
0.371648 0.406250
0.450552 0.459893
0.029216 0.123449
0.263526 0.154178
0.026336 0.335536
0.446168 0.044807
0.120666 0.276578
0.315923 0.022141
0.103037 0.098631
0.047666 0.212603
0.478713 0.312072
0.190715 0.430515
0.160399 0.489664
0.453878 0.057538
0.016007 0.289833
0.411651 0.387655
0.196082 0.362204
0.347548 0.225299
0.485652 0.111075
0.379477 0.011988
0.446611 0.325645
0.056795 0.067277
0.102223 0.372718
0.089418 0.205260
0.471348 0.137084
0.417864 0.450061
0.449156 0.108579
0.380576 0.109556
0.098243 0.334454
0.167094 0.114250
0.124286 0.078745
0.001905 0.320369
0.440948 0.349453
0.045667 0.426600
0.460528 0.425144
0.438588 0.407139
0.250790 0.495384
0.474416 0.353013
0.368101 0.063834
0.058273 0.339450
0.200918 0.476137
0.289511 0.150074
0.084715 0.170087
0.259630 0.182958
0.004541 0.426724
0.297208 0.128827
0.005468 0.299113
0.449196 0.446417
0.148566 0.494863
0.373017 0.109094
0.420007 0.311605
0.016233 0.170797
0.306989 0.490648
0.023810 0.175090
0.054482 0.082083
0.014540 0.255400
0.058220 0.304051
0.405474 0.142935
0.474138 0.165104
0.325893 0.478679
0.091828 0.123101
0.107506 0.097296
0.422214 0.056701
0.043713 0.070780
0.051565 0.416730
0.179874 0.471572
0.228335 0.196106
0.142369 0.035324
0.186755 0.166179
0.210414 0.241236
0.248262 0.224954
0.496636 0.306481
0.029006 0.402111
1.949416 0.003144
1.567215 0.275309
1.981822 0.159043
1.898410 0.089328
1.756339 0.320624
1.646029 0.300052
1.891404 0.197594
1.716782 0.071277
1.669166 0.445117
1.767384 0.311535
1.980441 0.454138
1.977714 0.190856
1.695375 0.225975
1.915810 0.192011
1.532457 0.444816
1.594122 0.481873
1.947959 0.161337
1.757182 0.429782
1.820381 0.155593
1.519110 0.076720
1.976217 0.165139
1.876772 0.367620
1.862733 0.093554
1.938898 0.031899
1.538672 0.206282
1.843434 0.019113
1.660420 0.321148
1.709969 0.355795
1.547123 0.125779
1.547807 0.079580
1.570595 0.141929
1.561453 0.018554
1.803266 0.318635
1.948336 0.123647
1.974228 0.467445
1.700367 0.450444
1.632585 0.077139
1.818065 0.495318
1.670693 0.256963
1.527217 0.209365
1.963244 0.370651
1.728478 0.123664
1.691799 0.438447
1.979460 0.238923
1.564226 0.027266
1.818503 0.134820
1.669195 0.379956
1.653374 0.472461
1.698591 0.101710
1.596108 0.172819
1.569156 0.296474
1.623264 0.201740
1.873613 0.441328
1.697058 0.044307
1.698291 0.224275
1.753672 0.161535
1.594926 0.482150
1.785200 0.286725
1.920597 0.264659
1.525648 0.484823
1.791925 0.344151
1.619643 0.461120
1.724107 0.273018
1.933581 0.422698
1.874728 0.029689
1.595517 0.443883
1.826163 0.218781
1.645624 0.199777
1.660109 0.342682
1.744084 0.358400
1.566957 0.497756
1.519935 0.161883
1.979906 0.305135
1.948608 0.400503
1.569794 0.474256
1.885326 0.361719
1.818406 0.004969
1.822840 0.042513
1.777986 0.256421
1.965211 0.152714
1.786110 0.060728
1.596598 0.112273
1.779508 0.242221
1.812050 0.439618
1.584903 0.056133
1.798018 0.151859
1.553889 0.317953
1.813742 0.033795
1.623088 0.262350
1.934298 0.192882
1.736606 0.319624
1.554602 0.055012
1.824593 0.377441
1.597525 0.102580
1.633862 0.062736
1.755294 0.419971
1.623464 0.351891
1.532244 0.402972
1.594113 0.344294
1.842589 0.179016
1.900427 0.140607
1.830875 0.454317
1.958560 0.144617
1.988112 0.081648
1.906967 0.422410
1.774530 0.143573
1.742034 0.329132
1.698585 0.066627
1.706573 0.296110
1.669207 0.340435
1.858845 0.424501
1.760406 0.482309
1.776392 0.292650
1.885281 0.370505
1.636944 0.227870
1.549520 0.037371
1.868477 0.380395
1.991688 0.327037
1.525012 0.479800
1.908685 0.431979
1.902210 0.183215
1.575552 0.144244
1.512347 0.274137
1.710871 0.218920
1.570246 0.380078
1.559354 0.429092
1.804579 0.319760
1.911400 0.080971
1.612410 0.296681
1.951476 0.249354
1.524551 0.000996
1.786725 0.393029
1.881391 0.278413
1.720066 0.406403
1.758213 0.128751
1.838383 0.160423
1.811967 0.413934
1.804667 0.324314
1.688071 0.015539
1.543234 0.258317
1.895617 0.102588
1.687409 0.200196
1.922348 0.098809
1.781167 0.034758
1.895490 0.232643
1.784112 0.420042
1.733639 0.070838
1.813071 0.115030
1.849251 0.033137
1.521433 0.107464
0.161888 1.859816
0.267887 1.973855
0.273750 1.572554
0.298169 1.961821
0.088092 1.841402
0.220138 1.983709
0.443990 1.907547
0.183905 1.866339
0.006356 1.965072
0.401097 1.901846
0.197715 1.685209
0.321888 1.931354
0.256047 1.634958
0.046384 1.605298
0.168095 1.567817
0.212762 1.829983
0.427632 1.980648
0.303838 1.701382
0.053202 1.602007
0.163203 1.641294
0.443409 1.883341
0.125004 1.887399
0.290888 1.808909
0.253738 1.797244
0.273981 1.654835
0.199090 1.971697
0.340044 1.520978
0.403051 1.596091
0.155936 1.949435
0.201389 1.824031
0.017251 1.914150
0.154014 1.944884
0.394799 1.957852
0.146266 1.948001
0.059858 1.809469
0.089295 1.503267
0.192811 1.714299
0.390666 1.983699
0.023208 1.644404
0.280943 1.797189
0.299239 1.980033
0.268886 1.639283
0.001011 1.671937
0.235374 1.656947
0.121371 1.936762
0.480978 1.638623
0.350912 1.634992
0.083507 1.745711
0.092843 1.729773
0.193711 1.652701
0.039242 1.783006
0.155969 1.732053
0.497305 1.546635
0.215752 1.520513
0.191039 1.996695
0.317702 1.990278
0.476728 1.586588
0.129561 1.977739
0.258525 1.864934
0.134685 1.879896
0.301697 1.615663
0.018519 1.652609
0.250655 1.602026
0.398320 1.843498
0.331799 1.592031
0.496200 1.871041
0.375037 1.652168
0.103094 1.872343
0.198803 1.818846
0.392856 1.889842
0.315541 1.710558
0.380121 1.792269
0.297146 1.509681
0.270008 1.555671
0.374616 1.904694
0.435567 1.676313
0.020357 1.954086
0.328921 1.771011
0.056111 1.727241
0.114509 1.887910
0.319272 1.610709
0.258951 1.694309
0.262877 1.862045
0.066652 1.961680
0.180891 1.959508
0.351523 1.996433
0.170065 1.731643
0.288702 1.967211
0.241325 1.558710
0.022882 1.615941
0.463404 1.958449
0.292253 1.983760
0.412534 1.621174
0.254772 1.968645
0.348415 1.869281
0.356555 1.667687
0.479990 1.615506
0.361996 1.742867
0.477551 1.928648
0.204548 1.658442
0.388156 1.556070
0.154875 1.558222
0.287714 1.943577
0.025433 1.529038
0.002287 1.548315
0.144979 1.965690
0.006763 1.937232
0.449451 1.919297
0.058407 1.704222
0.387943 1.906822
0.073504 1.744498
0.074509 1.553494
0.360004 1.936506
0.296362 1.837555
0.365154 1.500909
0.495997 1.753310
0.056980 1.650872
0.311532 1.844694
0.094449 1.836964
0.373732 1.596735
0.385279 1.518711
0.062426 1.892042
0.455943 1.511876
0.311340 1.514350
0.216099 1.699282
0.421172 1.789602
0.443780 1.995681
0.343097 1.803785
0.432186 1.639458
0.141340 1.797341
0.140368 1.637337
0.050651 1.697347
0.288210 1.862182
0.042041 1.882658
0.199147 1.915773
0.479394 1.584426
0.434484 1.541820
0.476468 1.890427
0.053696 1.787808
0.404777 1.769795
0.487090 1.825948
0.059397 1.930870
0.321629 1.902494
0.234655 1.753816
0.041952 1.875995
0.051156 1.682319
0.013332 1.601807
0.379667 1.801542
0.463989 1.921708
0.184200 1.663136
1.837481 1.663594
1.747562 1.771964
1.705413 1.724030
1.662391 1.759109
1.511838 1.567168
1.528904 1.998928
1.893117 1.588301
1.929799 1.714746
1.990794 1.664454
1.968562 1.532746
1.540448 1.519718
1.715065 1.553781
1.621525 1.594732
1.855322 1.585514
1.516440 1.539523
1.748651 1.853920
1.703117 1.996213
1.625885 1.908530
1.720244 1.788276
1.667639 1.732082
1.855444 1.696543
1.731010 1.748561
1.784844 1.660808
1.963307 1.775639
1.825262 1.931868
1.808385 1.865711
1.951586 1.523450
1.919491 1.573111
1.618182 1.774814
1.658626 1.634622
1.814336 1.907277
1.988542 1.517453
1.903490 1.614427
1.925983 1.623733
1.902703 1.593622
1.855815 1.758148
1.790166 1.586825
1.506708 1.575010
1.747633 1.970015
1.850648 1.572895
1.901884 1.659033
1.938606 1.853470
1.682483 1.858097
1.926581 1.800666
1.632911 1.585207
1.935288 1.947247
1.992484 1.923830
1.964700 1.895973
1.538257 1.890683
1.519706 1.940960
1.984306 1.875521
1.699108 1.774471
1.962346 1.705816
1.849481 1.709980
1.675832 1.700130
1.782875 1.577715
1.859162 1.721481
1.931185 1.541646
1.579579 1.857767
1.842311 1.712490
1.942974 1.777599
1.659737 1.935457
1.701429 1.624438
1.831430 1.739686
1.515121 1.851137
1.680646 1.999427
1.726658 1.879754
1.773898 1.689004
1.585570 1.623380
1.898984 1.761402
1.823509 1.681859
1.839117 1.682672
1.903341 1.770303
1.724317 1.982919
1.628069 1.566628
1.695409 1.571043
1.844227 1.855146
1.506500 1.545656
1.979584 1.837930
1.785342 1.994705
1.689067 1.965988
1.994132 1.915725
1.845742 1.768030
1.604729 1.931313
1.891409 1.503714
1.692715 1.714918
1.685573 1.531832
1.897590 1.588914
1.802135 1.621907
1.571833 1.930204
1.688536 1.767243
1.501247 1.532763
1.622389 1.507747
1.578419 1.601973
1.845677 1.863760
1.596678 1.534744
1.829748 1.590809
1.950469 1.675491
1.858839 1.555199
1.606803 1.750249
1.558912 1.799518
1.965167 1.744485
1.831349 1.862757
1.833399 1.633484
1.984664 1.905233
1.563688 1.673200
1.672475 1.564934
1.705963 1.794864
1.572681 1.784381
1.896837 1.918358
1.648142 1.993515
1.953102 1.977890
1.584324 1.903571
1.653381 1.943163
1.958770 1.760184
1.693411 1.517682
1.559701 1.658578
1.762167 1.891051
1.521335 1.595567
1.524535 1.505999
1.500800 1.588222
1.679199 1.673275
1.653157 1.885162
1.968139 1.725838
1.669543 1.864976
1.644196 1.817685
1.858491 1.597298
1.795575 1.942815
1.500869 1.948955
1.885977 1.959639
1.709139 1.579388
1.977321 1.768840
1.737967 1.739489
1.659891 1.759302
1.835056 1.684426
1.765301 1.835855
1.772648 1.944500
1.509131 1.925805
1.829662 1.977270
1.651643 1.999205
1.842246 1.795839
1.816890 1.700737
1.893137 1.612464
1.643552 1.894007
1.561419 1.529529
1.853646 1.770559
1.608917 1.830967
1.539399 1.846884
1.570456 1.699290
1.606186 1.905511
0.306973 1.097190
0.193093 0.925091
0.252790 1.000398
0.065735 0.916520
0.182214 0.987050
0.115884 0.856011
0.023721 1.169395
0.216601 1.138231
0.059367 1.131442
0.253436 0.908502
0.355065 0.936353
0.324949 0.842199
0.001127 1.156468
0.319707 0.857491
0.115900 0.804655
0.381900 0.822873
0.301845 0.974994
0.147964 0.954635
0.375392 1.013700
0.271155 0.957606
0.000750 1.187039
0.213617 0.824471
0.356435 0.830217
0.362702 0.815801
0.361660 1.016138
0.124304 1.116725
0.352491 0.849253
0.358924 1.153618
0.005721 1.078631
0.011109 0.921622
0.283287 1.193010
0.144495 0.985132
0.168004 1.092459
0.339767 0.943396
0.106159 1.010923
0.301001 0.906908
0.197962 0.914618
0.131379 0.954396
0.144836 0.894081
0.170198 0.906495
0.310219 1.094502
0.023220 1.062711
0.343755 1.182145
0.216328 1.149476
0.260776 1.027437
0.071097 0.944062
0.220447 1.015592
0.329194 1.188451
0.108051 1.068961
0.131846 1.014210
0.079884 0.832847
0.321118 1.077846
0.147466 0.852498
0.032242 1.092301
0.146579 1.002440
0.398796 0.856798
0.096942 0.822017
0.319509 0.840697
0.004161 0.935837
0.390172 1.064937
0.363275 0.861270
0.008999 0.983722
0.276862 1.138193
0.172172 1.184913
0.207154 1.104019
0.199122 1.087038
0.336866 0.920241
0.164884 0.884332
0.172738 0.997126
0.376633 1.119317
0.399566 1.175429
0.376115 0.896508
0.397446 1.095624
0.137205 0.801607
0.031461 0.927377
1.866543 1.194736
1.788647 1.075542
1.778458 0.865509
1.813735 1.150630
1.650421 0.820889
1.854649 1.049544
1.907927 0.991515
1.969784 0.872811
1.875846 0.942522
1.869937 1.052479
1.661839 1.069504
1.827908 0.837954
1.966012 1.025354
1.933578 0.903217
1.826960 1.165040
1.830594 0.893504
1.959775 0.819241
1.969046 0.938233
1.684750 0.982781
1.688863 0.935171
1.803670 1.143512
1.984715 0.911597
1.735027 1.154499
1.784408 0.810873
1.697022 0.854345
1.863352 0.958861
1.923849 0.891261
1.796815 1.089861
1.916614 0.930394
1.993078 0.943575
1.695433 1.023671
1.837079 0.855209
1.842912 1.006125
1.793442 1.127662
1.988906 1.082305
1.662833 0.992575
1.825817 0.847548
1.904173 1.160843
1.602047 0.888581
1.971717 0.899069
1.742926 1.035069
1.857930 0.866775
1.926330 0.854745
1.956636 1.042944
1.785139 1.149714
1.986519 1.080572
1.773385 1.023598
1.935781 0.816298
1.629722 0.929223
1.943959 0.818628
1.611528 0.806792
1.811203 1.037345
1.654340 0.915376
1.798188 0.856387
1.803957 0.969905
1.755456 1.146883
1.604974 0.813386
1.613658 1.131303
1.668131 1.170295
1.774247 1.053270
1.920009 0.960766
1.733843 0.893394
1.984364 0.869624
1.709692 0.814086
1.798847 0.853651
1.632714 1.010375
1.660444 1.043917
1.647719 0.914784
1.959293 1.045907
1.771172 0.963249
1.615812 1.126628
1.710132 0.820786
1.940014 0.923791
1.952089 0.808145
1.694086 0.926336
1.061416 0.314095
1.087102 0.695259
0.907489 0.571466
0.864883 0.517181
1.085552 0.563729
1.070832 0.618265
0.874104 0.631276
0.962182 0.421823
0.846060 0.421475
1.167731 0.517232
1.084724 0.683543
0.943860 0.694857
0.804329 0.383874
0.918647 0.656418
0.892019 0.512733
0.882755 0.653435
1.026828 0.669857
1.148694 0.634317
1.041323 0.313576
0.951498 0.426875
1.077306 0.322330
0.845141 0.651410
1.153606 0.507323
0.873233 0.699667
1.128798 0.340964
1.016899 0.513522
0.824508 0.660758
1.008379 0.328837
0.844632 0.627026
1.185255 0.436651
0.939759 0.368010
0.890086 0.666587
0.837867 0.338779
1.100904 0.579191
0.852356 0.352401
0.806066 0.629662
0.874731 0.351207
1.081072 0.328338
1.058530 0.654305
0.828004 0.487327
1.195269 0.544903
0.800849 0.319777
1.005661 0.509228
0.848614 0.550293
0.936254 0.333869
1.186944 0.576013
0.901879 0.377029
1.042600 0.439746
0.915809 0.443503
0.818937 0.468164
0.995904 0.325003
0.897826 0.570636
0.876210 0.678898
1.098973 0.634739
1.133203 0.626977
0.922066 0.628472
0.971880 0.422916
1.148250 0.677541
1.132144 0.696863
1.027834 0.368397
0.830732 0.514777
1.144410 0.432612
1.091806 0.487010
1.072358 0.307615
1.130513 0.591295
0.975780 0.426417
1.116298 0.573606
1.197053 0.692507
1.052504 0.596026
1.127247 0.485707
1.023003 0.349313
0.914179 0.694883
0.972229 0.362428
1.172424 0.404372
0.859292 0.500258
0.972770 1.390024
0.815035 1.417180
1.022636 1.606841
1.104189 1.394994
1.114457 1.534702
1.186289 1.390236
1.161119 1.602587
1.163842 1.658172
1.095094 1.516346
1.054197 1.522341
0.802052 1.377200
1.071654 1.416231
0.872083 1.343882
0.978660 1.344507
0.948255 1.537952
1.044765 1.621024
1.127976 1.559800
0.838204 1.450612
0.966641 1.642393
1.045605 1.381098
0.977096 1.531894
0.971334 1.438215
0.934481 1.435177
0.896387 1.329575
1.151522 1.650584
1.051915 1.653575
0.827784 1.423569
0.869806 1.399867
0.967451 1.548466
0.944375 1.615706
0.886418 1.689140
1.036730 1.314393
1.048940 1.574934
0.965005 1.315581
1.017328 1.310611
0.896679 1.694423
1.042505 1.568014
0.932638 1.676986
0.803191 1.529025
0.806560 1.654713
0.979609 1.558476
1.108288 1.507393
1.182045 1.678094
1.107260 1.449496
1.026560 1.351635
0.865202 1.612977
0.840775 1.601933
1.127371 1.589714
0.976867 1.392376
1.105296 1.694195
0.902987 1.301975
1.188618 1.645491
1.069989 1.421256
1.122477 1.573179
1.150281 1.629037
1.027892 1.429890
0.987513 1.436180
1.137283 1.469558
0.914274 1.544543
1.119054 1.640834
1.096178 1.684256
1.053811 1.636953
1.086189 1.481182
1.026667 1.363056
1.073558 1.431963
0.857250 1.676545
0.933938 1.345869
1.122036 1.303927
0.967125 1.544513
1.077106 1.417406
0.973550 1.404998
1.047297 1.661063
1.041178 1.484580
0.930621 1.655453
0.829123 1.349675
1.481433 1.626506
0.169656 0.750490
1.311271 1.600600
1.656402 0.444608
1.915879 1.024193
1.104423 0.202131
0.906917 1.774112
0.431474 0.517097
1.793746 1.267100
1.739662 1.179275
1.854133 0.607412
1.704267 1.090616
0.412727 0.910159
0.013514 1.065831
0.687421 0.159128
1.314205 0.168854
1.785634 1.483861
0.919344 1.096905
1.084461 0.575746
1.541512 1.000339
1.599939 0.645935
1.202470 0.506856
0.420047 1.633945
1.023953 0.213793
0.901045 0.763615
1.393068 0.755177
1.371027 1.097335
1.845793 1.783754
0.007494 1.859306
0.849585 0.694915
0.018434 0.163791
0.863769 1.804068
1.647652 1.783113
0.900973 0.732112
0.358858 0.442485
1.732452 1.958797
1.088420 0.934922
0.465652 1.508467
0.568867 1.489605
1.722260 1.469912
0.253220 1.115329
0.225089 1.624246
0.212664 0.070882
1.408000 0.220157
1.930188 0.257585
0.915072 1.948623
0.421376 1.778841
1.752691 0.069028
1.561953 0.653664
0.801140 1.920812
1.096149 0.533592
1.879608 0.184569
1.468514 0.345261
1.693037 0.037381
1.834866 1.415297
1.507293 0.088086
0.530625 1.732382
1.712332 0.743289
1.803264 1.120332
0.963446 1.733452
1.377918 1.878518
1.682075 1.799294
1.657359 1.434766
1.868321 1.219312
0.088430 0.669461
1.140124 1.184579
1.203053 1.019732
1.369148 0.671567
1.364993 1.062185
0.708948 1.199859
0.477482 0.216241
1.287944 1.008107
1.948623 1.000276
1.751396 1.751887
0.120609 0.714843
1.485339 1.498527
0.593361 1.167414
1.297820 0.250720
0.602180 1.166142
1.470032 0.690610
1.835603 0.610156
1.875188 1.038656
1.629888 1.244337
1.710223 0.994881
0.306522 0.419171
0.194740 0.784003
0.635412 1.482684
1.792111 0.584035
0.482961 1.543507
0.335922 0.603569
0.258350 1.821261
0.102096 0.851711
0.988675 1.399916
1.102431 1.590855
0.566058 0.572464
0.281464 0.401660
1.182620 0.156653
1.440316 0.812508
1.400989 1.150539
1.807390 1.707511
1.569711 0.002130
0.491514 0.205123
1.484814 0.283625
0.789158 1.967774
1.827133 1.125080
0.571344 0.085483
0.946341 0.673439
0.937194 1.935016
0.073355 0.039625
1.525870 0.639413
0.612089 1.807335
1.041074 1.794708
1.963988 0.481390
0.607217 1.364977
1.631929 0.414606
1.072488 1.201640
0.416736 1.564002
1.406763 1.901550
1.847627 0.195921
1.869324 1.674760
1.321001 0.440668
1.760243 0.267341
1.114107 0.697436
0.202357 1.187463
0.737061 1.728228
1.826876 1.349150
1.535562 0.867949
1.143859 1.499550
1.349339 1.751075
0.864527 0.981268
0.165682 1.937015
0.182908 0.582418
1.501017 1.589671
0.483968 1.348644
1.785592 0.353292
1.023404 1.106593
0.793960 0.783646
1.373934 1.908067
1.481083 1.576291
1.095529 0.218144
1.304519 0.922405
1.567294 0.840081
1.790354 0.711153
0.339631 1.139693
0.462228 1.204158
0.120962 0.627910
1.141172 0.303870
1.210328 0.642189
1.893541 1.694295
1.990833 1.679133
